--------[ 2016-02-05 00:00:00 -0500 ]

C.cdetm1r.detmap =
      14    20    0     15     1    
      14    20    16    31     17  
      14    20    32    47     33  
      14    20    48    63     49   
      14    21    0     15     65   
      14    23    32    47     81   
      14    23    48    63     97   
      14    21    48    63     113  
      14    22    0     15     129  
      14    22    16    31     145  
      14    22    32    47     161  
      14    22    48    63     177  
      14    23    0     15     193  
      14    23    16    31     209  
      14    14    0     15     1    
      14    14    16    31     17   
      14    14    32    47     33   
      14    14    48    63     49   
      14    14    64    79     65   
      14    14    80    95     81   
      14    15    0     15     97  
      14    15    16    31     113  
      14    15    32    47     129  
      14    15    48    63     145  
      14    15    64    79     161  
      14    15    80    95     177  
      14    16    0     15     193  
      14    16    16    31     209  
C.cdetm1r.nelem = 224
C.cdetm1r.position = 0  0  1.31
C.cdetm1r.size = 0.20  0.0005  0.02
C.cdetm1r.off = 1200 1200 1200 1200 1200 1200 1200 1200 
             1200 1200 1200 1200 1200 1200 1200 1200 
             1200 1200 1200 1200 1200 1200 1200 1200 
             1200 1200 1200 1200 1200 1200 1200 1200 
             1200 1200 1200 1200 1200 1200 1200 1200 
             1200 1200 1200 1200 1200 1200 1200 1200 
             1200 1200 1200 1200 1200 1200 1200 1200 
             1200 1200 1200 1200 1200 1200 1200 1200 
             1200 1200 1200 1200 1200 1200 1200 1200 
             1200 1200 1200 1200 1200 1200 1200 1200 
             1200 1200 1200 1200 1200 1200 1200 1200 
             1200 1200 1200 1200 1200 1200 1200 1200 
             1200 1200 1200 1200 1200 1200 1200 1200 
             1200 1200 1200 1200 1200 1200 1200 1200 
             1200 1200 1200 1200 1200 1200 1200 1200 
             1200 1200 1200 1200 1200 1200 1200 1200 
             1200 1200 1200 1200 1200 1200 1200 1200 
             1200 1200 1200 1200 1200 1200 1200 1200 
             1200 1200 1200 1200 1200 1200 1200 1200 
             1200 1200 1200 1200 1200 1200 1200 1200 
             1200 1200 1200 1200 1200 1200 1200 1200 
             1200 1200 1200 1200 1200 1200 1200 1200 
             1200 1200 1200 1200 1200 1200 1200 1200 
             1200 1200 1200 1200 1200 1200 1200 1200 
             1200 1200 1200 1200 1200 1200 1200 1200 
             1200 1200 1200 1200 1200 1200 1200 1200 
             1200 1200 1200 1200 1200 1200 1200 1200 
             1200 1200 1200 1200 1200 1200 1200 1200 
C.cdetm1r.ped = 293 283 275 237 408 367 474 409 331 349 369 297 479 370 408 355 
	363 313 315 270 409 402 402 452 269 264 224 268 412 379 411 364 
	368 335 310 289 406 371 444 347 404 305 336 323 398 390 396 435 
	350 317 420 261 348 430 411 370 340 298 241 317 432 403 403 341 
	336 306 295 303 365 375 391 459 329 332 345 320 444 389 429 413 
	555 526 500 497 570 549 594 592 532 534 508 440 637 594 580 613 
	545 468 426 521 553 632 601 656 476 475 436 470 588 595 606 564 
	368 343 290 328 389 424 442 416 311 320 232 274 446 417 407 347 
	429 375 285 477 530 498 519 533 320 421 359 459 444 501 443 472 
	523 331 246 499 436 569 628 480 295 385 289 457 463 498 428 434 
	489 470 343 467 541 402 503 535 439 436 316 859 601 437 394 545 
	372 350 346 264 548 546 534 598 403 322 353 272 571 573 560 470 
	495 495 471 447 589 621 657 636 564 494 535 499 622 623 558 566 
	528 472 433 468 629 666 644 701 481 480 486 478 633 616 578 571 
C.cdetm1r.gain = 0.947509 0.985228 0.8664 1 1 0.728279 0.797115 0.873022 0.97719 0.947354 1.06508 0.91464 0.99776 1.26688 1.33775 1.12106 
0.960078 1.04446 1.0999 1 1.52076 0.750758 0.734418 1 0.999585 0.701155 0.838676 0.96517 1.1667 0.849671 0.818992 1.06244 
0.740862 1 0.721224 0.775217 0.617868 0.667773 0.505376 0.587663 0.581335 0.676678 3.72533 0.628887 0.721861 0.578902 0.815048 0.790707 
1 2.39073 1.02277 1.00855 0.877417 1.13848 1.03495 0.899405 0.692316 0.561983 0.632292 1.04117 1 1.33069 0.766849 0.868492 
1.21589 1.69342 1.50107 3.1233 0.819687 0.765705 0.772779 0.790927 0.643381 0.590542 0.55688 0.636392 0.694137 5.07386 0.749073 0.872671 
1.61921 0.948416 5.23478 1.19827 0.909392 0.768667 0.608004 0.828637 0.554388 0.710822 0.634039 0.676736 1 0.742067 1.30485 0.845354 
1.05286 0.778252 0.803759 1 0.71695 0.834101 0.86309 0.832174 0.999263 0.753388 0.7384 0.659423 0.980968 0.909946 0.858115 7.31402 
1.32877 0.978646 0.898786 0.776705 0.916793 0.87676 0.782098 0.805368 0.997726 0.899076 0.767001 0.992875 2.96464 0.798792 0.92593 7.11489 
1.6693 1.52131 1.38982 1.90004 1.41068 0.893472 0.901967 1.11627 1.96417 1.88137 2.01905 1.89119 3.36551 3.23961 3.12024 6.12983 
0.848667 0.962657 0.831425 0.770124 0.885677 0.78692 0.86472 0.848413 0.716642 0.654742 0.583075 0.757926 1 0.74909 0.694364 2.93488 
0.987044 0.746386 1.00065 0.804332 0.901832 1.12072 1.50857 1.54138 0.625115 0.714608 0.505266 1.41517 1 1.03824 0.895519 1 
1.63664 1.04044 0.761179 0.838052 1.01007 0.679127 0.593359 0.796362 0.668923 0.604607 0.527369 0.705986 1 0.734138 0.802321 1 
1.89604 1.45495 0.963726 1.73527 1 1.33316 0.984514 1.02741 1.18592 0.663274 0.754811 1.55326 1.34526 1.15514 1.11131 3.8538 
1.27624 0.949965 1.30043 1.11642 0.896614 1.02362 0.938499 1.13759 0.705727 0.651484 0.696592 0.853266 1 0.785155 0.800972 2.4473 
C.cdetm1r.Cn = 1.49859e+08
C.cdetm1r.MIP = 1e+10
C.cdetm1r.tdc.res = 5e-11


